DPhull
11111111111111111111
44444444444444444444
22222222222222222222222
333333333333333333333333
11111111111111111111
44444444444444444444
22222222222222222222222
333333333333333333333333
11111111111111111111
44444444444444444444
22222222222222222222222
333333333333333333333333
11111111111111111111
44444444444444444444
22222222222222222222222
333333333333333333333333
11111111111111111111
44444444444444444444
22222222222222222222222
333333333333333333333333
11111111111111111111
44444444444444444444
22222222222222222222222
333333333333333333333333
11111111111111111111
44444444444444444444
22222222222222222222222
333333333333333333333333
11111111111111111111
44444444444444444444
22222222222222222222222
333333333333333333333333
11111111111111111111
44444444444444444444
22222222222222222222222
333333333333333333333333
11111111111111111111
44444444444444444444
22222222222222222222222
333333333333333333333333
11111111111111111111
44444444444444444444
22222222222222222222222
333333333333333333333333
11111111111111111111
44444444444444444444
22222222222222222222222
333333333333333333333333
11111111111111111111
44444444444444444444
22222222222222222222222
333333333333333333333333
11111111111111111111
44444444444444444444
22222222222222222222222
333333333333333333333333
11111111111111111111
44444444444444444444
22222222222222222222222
333333333333333333333333
11111111111111111111
44444444444444444444
22222222222222222222222
333333333333333333333333
11111111111111111111
44444444444444444444
22222222222222222222222
333333333333333333333333
11111111111111111111
44444444444444444444
22222222222222222222222
333333333333333333333333
11111111111111111111
44444444444444444444
22222222222222222222222
333333333333333333333333
11111111111111111111
44444444444444444444
22222222222222222222222
333333333333333333333333
11111111111111111111
44444444444444444444
22222222222222222222222
333333333333333333333333
11111111111111111111
44444444444444444444
22222222222222222222222
333333333333333333333333
11111111111111111111
44444444444444444444
22222222222222222222222
333333333333333333333333
11111111111111111111
44444444444444444444
22222222222222222222222
333333333333333333333333
11111111111111111111
44444444444444444444
22222222222222222222222
333333333333333333333333
11111111111111111111
44444444444444444444
22222222222222222222222
333333333333333333333333
11111111111111111111
44444444444444444444
22222222222222222222222
333333333333333333333333
11111111111111111111
44444444444444444444
22222222222222222222222
333333333333333333333333
11111111111111111111
44444444444444444444
22222222222222222222222
333333333333333333333333
11111111111111111111
44444444444444444444
22222222222222222222222
333333333333333333333333
11111111111111111111
44444444444444444444
22222222222222222222222
333333333333333333333333
11111111111111111111
44444444444444444444
22222222222222222222222
333333333333333333333333
11111111111111111111
44444444444444444444
22222222222222222222222
333333333333333333333333
11111111111111111111
44444444444444444444
22222222222222222222222
333333333333333333333333
11111111111111111111
44444444444444444444
22222222222222222222222
333333333333333333333333
11111111111111111111
44444444444444444444
22222222222222222222222
333333333333333333333333
11111111111111111111
44444444444444444444
22222222222222222222222
333333333333333333333333
/mnt/disk_data_ssd/dingmengting/dphull_dataset/SingaporeTaxi/data2/SHC1010D.txt
36713
/mnt/disk_data_ssd/dingmengting/dphull_dataset/SingaporeTaxi/data2/SHA7855D.txt
29539
/mnt/disk_data_ssd/dingmengting/dphull_dataset/SingaporeTaxi/data2/SH6444X.txt
19713
/mnt/disk_data_ssd/dingmengting/dphull_dataset/SingaporeTaxi/data2/SHC7002M.txt
28603
/mnt/disk_data_ssd/dingmengting/dphull_dataset/SingaporeTaxi/data2/SHA5637E.txt
23808
/mnt/disk_data_ssd/dingmengting/dphull_dataset/SingaporeTaxi/data2/SHB4759M.txt
29383
/mnt/disk_data_ssd/dingmengting/dphull_dataset/SingaporeTaxi/data2/SHB2412B.txt
19455
/mnt/disk_data_ssd/dingmengting/dphull_dataset/SingaporeTaxi/data2/SHC0259K.txt
27121
/mnt/disk_data_ssd/dingmengting/dphull_dataset/SingaporeTaxi/data2/SHA1534U.txt
28308
/mnt/disk_data_ssd/dingmengting/dphull_dataset/SingaporeTaxi/data2/SHA9337U.txt
34329
/mnt/disk_data_ssd/dingmengting/dphull_dataset/SingaporeTaxi/data2/SHC8904D.txt
34377
/mnt/disk_data_ssd/dingmengting/dphull_dataset/SingaporeTaxi/data2/SHA2405C.txt
27388
/mnt/disk_data_ssd/dingmengting/dphull_dataset/SingaporeTaxi/data2/SHA4317K.txt
27848
/mnt/disk_data_ssd/dingmengting/dphull_dataset/SingaporeTaxi/data2/SHA8100S.txt
15782
/mnt/disk_data_ssd/dingmengting/dphull_dataset/SingaporeTaxi/data2/SH9762H.txt
17533
/mnt/disk_data_ssd/dingmengting/dphull_dataset/SingaporeTaxi/data2/SHC8766K.txt
27001
/mnt/disk_data_ssd/dingmengting/dphull_dataset/SingaporeTaxi/data2/SHA6954H.txt
23325
/mnt/disk_data_ssd/dingmengting/dphull_dataset/SingaporeTaxi/data2/SHA1529K.txt
13494
/mnt/disk_data_ssd/dingmengting/dphull_dataset/SingaporeTaxi/data2/SHB4838T.txt
19931
/mnt/disk_data_ssd/dingmengting/dphull_dataset/SingaporeTaxi/data2/SHA2675P.txt
22934
/mnt/disk_data_ssd/dingmengting/dphull_dataset/SingaporeTaxi/data2/SH7756P.txt
21097
/mnt/disk_data_ssd/dingmengting/dphull_dataset/SingaporeTaxi/data2/SH6809C.txt
21995
/mnt/disk_data_ssd/dingmengting/dphull_dataset/SingaporeTaxi/data2/SHB3416J.txt
25565
/mnt/disk_data_ssd/dingmengting/dphull_dataset/SingaporeTaxi/data2/SHA0018A.txt
7802
/mnt/disk_data_ssd/dingmengting/dphull_dataset/SingaporeTaxi/data2/SHA6686G.txt
27264
/mnt/disk_data_ssd/dingmengting/dphull_dataset/SingaporeTaxi/data2/SHA1593Z.txt
33214
/mnt/disk_data_ssd/dingmengting/dphull_dataset/SingaporeTaxi/data2/SHA8295M.txt
23660
/mnt/disk_data_ssd/dingmengting/dphull_dataset/SingaporeTaxi/data2/SHA0091L.txt
18269
/mnt/disk_data_ssd/dingmengting/dphull_dataset/SingaporeTaxi/data2/SHC8760B.txt
23951
/mnt/disk_data_ssd/dingmengting/dphull_dataset/SingaporeTaxi/data2/SHB4447M.txt
12822
/mnt/disk_data_ssd/dingmengting/dphull_dataset/SingaporeTaxi/data2/SH9086B.txt
19042
/mnt/disk_data_ssd/dingmengting/dphull_dataset/SingaporeTaxi/data2/SHA6192P.txt
28756
/mnt/disk_data_ssd/dingmengting/dphull_dataset/SingaporeTaxi/data2/SH6080L.txt
24865
/mnt/disk_data_ssd/dingmengting/dphull_dataset/SingaporeTaxi/data2/SH8919E.txt
33397
/mnt/disk_data_ssd/dingmengting/dphull_dataset/SingaporeTaxi/data2/SHC1383C.txt
23541
/mnt/disk_data_ssd/dingmengting/dphull_dataset/SingaporeTaxi/data2/SHA7362J.txt
31017
/mnt/disk_data_ssd/dingmengting/dphull_dataset/SingaporeTaxi/data2/SHC1460M.txt
20655
/mnt/disk_data_ssd/dingmengting/dphull_dataset/SingaporeTaxi/data2/SHA2028H.txt
24636
/mnt/disk_data_ssd/dingmengting/dphull_dataset/SingaporeTaxi/data2/SHA2406A.txt
27637
/mnt/disk_data_ssd/dingmengting/dphull_dataset/SingaporeTaxi/data2/SHA7784A.txt
23776
/mnt/disk_data_ssd/dingmengting/dphull_dataset/SingaporeTaxi/data2/SHA8068C.txt
28400
/mnt/disk_data_ssd/dingmengting/dphull_dataset/SingaporeTaxi/data2/SH6042Y.txt
23776
/mnt/disk_data_ssd/dingmengting/dphull_dataset/SingaporeTaxi/data2/SHA9368E.txt
17590
/mnt/disk_data_ssd/dingmengting/dphull_dataset/SingaporeTaxi/data2/SHC2342P.txt
20672
/mnt/disk_data_ssd/dingmengting/dphull_dataset/SingaporeTaxi/data2/SHB3391X.txt
22646
/mnt/disk_data_ssd/dingmengting/dphull_dataset/SingaporeTaxi/data2/SHC3575C.txt
20045
/mnt/disk_data_ssd/dingmengting/dphull_dataset/SingaporeTaxi/data2/SHA0957P.txt
28691
/mnt/disk_data_ssd/dingmengting/dphull_dataset/SingaporeTaxi/da11111111111111111111
44444444444444444444
22222222222222222222222
333333333333333333333333
11111111111111111111
44444444444444444444
22222222222222222222222
333333333333333333333333
11111111111111111111
44444444444444444444
22222222222222222222222
333333333333333333333333
11111111111111111111
44444444444444444444
22222222222222222222222
333333333333333333333333
11111111111111111111
44444444444444444444
22222222222222222222222
333333333333333333333333
11111111111111111111
44444444444444444444
22222222222222222222222
333333333333333333333333
11111111111111111111
44444444444444444444
22222222222222222222222
333333333333333333333333
11111111111111111111
44444444444444444444
22222222222222222222222
333333333333333333333333
11111111111111111111
44444444444444444444
22222222222222222222222
333333333333333333333333
11111111111111111111
44444444444444444444
22222222222222222222222
333333333333333333333333
11111111111111111111
44444444444444444444
22222222222222222222222
333333333333333333333333
11111111111111111111
44444444444444444444
22222222222222222222222
333333333333333333333333
11111111111111111111
44444444444444444444
22222222222222222222222
333333333333333333333333
11111111111111111111
44444444444444444444
22222222222222222222222
333333333333333333333333
11111111111111111111
44444444444444444444
22222222222222222222222
333333333333333333333333
11111111111111111111
44444444444444444444
22222222222222222222222
333333333333333333333333
11111111111111111111
44444444444444444444
22222222222222222222222
333333333333333333333333
11111111111111111111
44444444444444444444
22222222222222222222222
333333333333333333333333
11111111111111111111
44444444444444444444
22222222222222222222222
333333333333333333333333
11111111111111111111
44444444444444444444
22222222222222222222222
333333333333333333333333
11111111111111111111
44444444444444444444
22222222222222222222222
333333333333333333333333
11111111111111111111
44444444444444444444
22222222222222222222222
333333333333333333333333
11111111111111111111
44444444444444444444
22222222222222222222222
333333333333333333333333
11111111111111111111
44444444444444444444
22222222222222222222222
333333333333333333333333
11111111111111111111
44444444444444444444
22222222222222222222222
333333333333333333333333
11111111111111111111
44444444444444444444
22222222222222222222222
333333333333333333333333
11111111111111111111
44444444444444444444
22222222222222222222222
333333333333333333333333
11111111111111111111
44444444444444444444
22222222222222222222222
333333333333333333333333
11111111111111111111
44444444444444444444
22222222222222222222222
333333333333333333333333
11111111111111111111
44444444444444444444
22222222222222222222222
333333333333333333333333
11111111111111111111
44444444444444444444
22222222222222222222222
333333333333333333333333
11111111111111111111
44444444444444444444
22222222222222222222222
333333333333333333333333
11111111111111111111
44444444444444444444
22222222222222222222222
333333333333333333333333
11111111111111111111
44444444444444444444
22222222222222222222222
333333333333333333333333
11111111111111111111
44444444444444444444
22222222222222222222222
333333333333333333333333
11111111111111111111
44444444444444444444
22222222222222222222222
333333333333333333333333
11111111111111111111
44444444444444444444
22222222222222222222222
333333333333333333333333
11111111111111111111
44444444444444444444
22222222222222222222222
333333333333333333333333
11111111111111111111
44444444444444444444
22222222222222222222222
333333333333333333333333
ta2/TRG0073A.txt
4279
/mnt/disk_data_ssd/dingmengting/dphull_dataset/SingaporeTaxi/data2/SHB4836Z.txt
26846
/mnt/disk_data_ssd/dingmengting/dphull_dataset/SingaporeTaxi/data2/SHA3743U.txt
18984
/mnt/disk_data_ssd/dingmengting/dphull_dataset/SingaporeTaxi/data2/SH6088R.txt
23373
/mnt/disk_data_ssd/dingmengting/dphull_dataset/SingaporeTaxi/data2/SHA1786J.txt
20680
/mnt/disk_data_ssd/dingmengting/dphull_dataset/SingaporeTaxi/data2/SHA8007D.txt
31344
/mnt/disk_data_ssd/dingmengting/dphull_dataset/SingaporeTaxi/data2/SHB4963P.txt
16269
/mnt/disk_data_ssd/dingmengting/dphull_dataset/SingaporeTaxi/data2/SHC3488X.txt
23571
/mnt/disk_data_ssd/dingmengting/dphull_dataset/SingaporeTaxi/data2/SH8288S.txt
21656
/mnt/disk_data_ssd/dingmengting/dphull_dataset/SingaporeTaxi/data2/SHA7411B.txt
31241
/mnt/disk_data_ssd/dingmengting/dphull_dataset/SingaporeTaxi/data2/SHA4261L.txt
29779
/mnt/disk_data_ssd/dingmengting/dphull_dataset/SingaporeTaxi/data2/SHA0867R.txt
31710
/mnt/disk_data_ssd/dingmengting/dphull_dataset/SingaporeTaxi/data2/SHC3329Y.txt
25333
/mnt/disk_data_ssd/dingmengting/dphull_dataset/SingaporeTaxi/data2/SHA2023X.txt
23658
/mnt/disk_data_ssd/dingmengting/dphull_dataset/SingaporeTaxi/data2/SHA4139H.txt
34110
/mnt/disk_data_ssd/dingmengting/dphull_dataset/SingaporeTaxi/data2/SHA3555X.txt
22431
/mnt/disk_data_ssd/dingmengting/dphull_dataset/SingaporeTaxi/data2/SH6988T.txt
14699
/mnt/disk_data_ssd/dingmengting/dphull_dataset/SingaporeTaxi/data2/SHA9443X.txt
23803
/mnt/disk_data_ssd/dingmengting/dphull_dataset/SingaporeTaxi/data2/SHB2079E.txt
22345
/mnt/disk_data_ssd/dingmengting/dphull_dataset/SingaporeTaxi/data2/SHA9310X.txt
24937
/mnt/disk_data_ssd/dingmengting/dphull_dataset/SingaporeTaxi/data2/SHA9103C.txt
24481
/mnt/disk_data_ssd/dingmengting/dphull_dataset/SingaporeTaxi/data2/SH6102H.txt
29172
/mnt/disk_data_ssd/dingmengting/dphull_dataset/SingaporeTaxi/data2/SHC3198H.txt
17623
/mnt/disk_data_ssd/dingmengting/dphull_dataset/SingaporeTaxi/data2/SHA1141U.txt
32056
/mnt/disk_data_ssd/dingmengting/dphull_dataset/SingaporeTaxi/data2/SH8357B.txt
22732
/mnt/disk_data_ssd/dingmengting/dphull_dataset/SingaporeTaxi/data2/SH9494G.txt
26309
/mnt/disk_data_ssd/dingmengting/dphull_dataset/SingaporeTaxi/data2/SHA4822T.txt
25374
/mnt/disk_data_ssd/dingmengting/dphull_dataset/SingaporeTaxi/data2/SH6704X.txt
21216
/mnt/disk_data_ssd/dingmengting/dphull_dataset/SingaporeTaxi/data2/SH7949A.txt
25630
/mnt/disk_data_ssd/dingmengting/dphull_dataset/SingaporeTaxi/data2/SHA4387H.txt
14180
/mnt/disk_data_ssd/dingmengting/dphull_dataset/SingaporeTaxi/data2/SH7706J.txt
17338
/mnt/disk_data_ssd/dingmengting/dphull_dataset/SingaporeTaxi/data2/SHA3553B.txt
18978
/mnt/disk_data_ssd/dingmengting/dphull_dataset/SingaporeTaxi/data2/SHA1970T.txt
99024
/mnt/disk_data_ssd/dingmengting/dphull_dataset/SingaporeTaxi/data2/SHB6141G.txt
18485
/mnt/disk_data_ssd/dingmengting/dphull_dataset/SingaporeTaxi/data2/SHA1020K.txt
13131
/mnt/disk_data_ssd/dingmengting/dphull_dataset/SingaporeTaxi/data2/SHC0065C.txt
17034
/mnt/disk_data_ssd/dingmengting/dphull_dataset/SingaporeTaxi/data2/SHA3427H.txt
29875
/mnt/disk_data_ssd/dingmengting/dphull_dataset/SingaporeTaxi/data2/SHA1793M.txt
19464
/mnt/disk_data_ssd/dingmengting/dphull_dataset/SingaporeTaxi/data2/SHA0090P.txt
23807
/mnt/disk_data_ssd/dingmengting/dphull_dataset/SingaporeTaxi/data2/SH9354C.txt
11374
/mnt/disk_data_ssd/dingmengting/dphull_dataset/SingaporeTaxi/data2/SHC8276H.txt
25039
/mnt/disk_data_ssd/dingmengting/dphull_dataset/SingaporeTaxi/data2/SHC1422Z.txt
20222
/mnt/disk_data_ssd/dingmengting/dphull_dataset/SingaporeTaxi/data2/SHB4688J.txt
18684
/mnt/disk_data_ssd/dingmengting/dphull_dataset/SingaporeTaxi/data2/SH7042R.txt
17238
/mnt/disk_data_ssd/dingmengting/dphull_dataset/SingaporeTaxi/data2/SHC8214L.txt
24567
/mnt/disk_data_ssd/dingmengting/dphull_dataset/SingaporeTaxi/data2/SH6644K.txt
30248
/mnt/disk_data_ssd/dingmengting/dphull_dataset/SingaporeTaxi/data2/SHB4546K.txt
25830
/mnt/disk_data_ssd/dingmengting/dphull_dataset/SingaporeTaxi/data2/SH6965J.txt
15238
/mnt/disk_data_ssd/dingmengting/dphull_datase11111111111111111111
44444444444444444444
22222222222222222222222
333333333333333333333333
11111111111111111111
44444444444444444444
22222222222222222222222
333333333333333333333333
11111111111111111111
44444444444444444444
22222222222222222222222
333333333333333333333333
11111111111111111111
44444444444444444444
22222222222222222222222
333333333333333333333333
11111111111111111111
44444444444444444444
22222222222222222222222
333333333333333333333333
11111111111111111111
44444444444444444444
22222222222222222222222
333333333333333333333333
11111111111111111111
44444444444444444444
22222222222222222222222
333333333333333333333333
11111111111111111111
44444444444444444444
22222222222222222222222
333333333333333333333333
11111111111111111111
44444444444444444444
22222222222222222222222
333333333333333333333333
11111111111111111111
44444444444444444444
22222222222222222222222
333333333333333333333333
11111111111111111111
44444444444444444444
22222222222222222222222
333333333333333333333333
11111111111111111111
44444444444444444444
22222222222222222222222
333333333333333333333333
11111111111111111111
44444444444444444444
22222222222222222222222
333333333333333333333333
11111111111111111111
44444444444444444444
22222222222222222222222
333333333333333333333333
11111111111111111111
44444444444444444444
22222222222222222222222
333333333333333333333333
11111111111111111111
44444444444444444444
22222222222222222222222
333333333333333333333333
11111111111111111111
44444444444444444444
22222222222222222222222
333333333333333333333333
11111111111111111111
44444444444444444444
22222222222222222222222
333333333333333333333333
11111111111111111111
44444444444444444444
22222222222222222222222
333333333333333333333333
11111111111111111111
44444444444444444444
22222222222222222222222
333333333333333333333333
11111111111111111111
44444444444444444444
22222222222222222222222
333333333333333333333333
11111111111111111111
44444444444444444444
22222222222222222222222
333333333333333333333333
11111111111111111111
44444444444444444444
22222222222222222222222
333333333333333333333333
11111111111111111111
44444444444444444444
22222222222222222222222
333333333333333333333333
11111111111111111111
44444444444444444444
22222222222222222222222
333333333333333333333333
11111111111111111111
44444444444444444444
22222222222222222222222
333333333333333333333333
11111111111111111111
44444444444444444444
22222222222222222222222
333333333333333333333333
11111111111111111111
44444444444444444444
22222222222222222222222
333333333333333333333333
11111111111111111111
44444444444444444444
22222222222222222222222
333333333333333333333333
11111111111111111111
44444444444444444444
22222222222222222222222
333333333333333333333333
11111111111111111111
44444444444444444444
22222222222222222222222
333333333333333333333333
11111111111111111111
44444444444444444444
22222222222222222222222
333333333333333333333333
11111111111111111111
44444444444444444444
22222222222222222222222
333333333333333333333333
11111111111111111111
44444444444444444444
22222222222222222222222
333333333333333333333333
11111111111111111111
44444444444444444444
22222222222222222222222
333333333333333333333333
t/SingaporeTaxi/data2/SHA1462T.txt
20903
/mnt/disk_data_ssd/dingmengting/dphull_dataset/SingaporeTaxi/data2/SHA5034U.txt
22492
/mnt/disk_data_ssd/dingmengting/dphull_dataset/SingaporeTaxi/data2/SHB4932D.txt
31946
/mnt/disk_data_ssd/dingmengting/dphull_dataset/SingaporeTaxi/data2/SHA0485J.txt
14108
/mnt/disk_data_ssd/dingmengting/dphull_dataset/SingaporeTaxi/data2/SHC1669D.txt
35227
/mnt/disk_data_ssd/dingmengting/dphull_dataset/SingaporeTaxi/data2/SHC2105H.txt
15914
/mnt/disk_data_ssd/dingmengting/dphull_dataset/SingaporeTaxi/data2/SHA2841B.txt
22722
/mnt/disk_data_ssd/dingmengting/dphull_dataset/SingaporeTaxi/data2/SHC0042T.txt
20075
/mnt/disk_data_ssd/dingmengting/dphull_dataset/SingaporeTaxi/data2/SHC3322R.txt
14820
/mnt/disk_data_ssd/dingmengting/dphull_dataset/SingaporeTaxi/data2/SHC2329D.txt
30738
/mnt/disk_data_ssd/dingmengting/dphull_dataset/SingaporeTaxi/data2/SH7838L.txt
31617
/mnt/disk_data_ssd/dingmengting/dphull_dataset/SingaporeTaxi/data2/SHA1277L.txt
24217
/mnt/disk_data_ssd/dingmengting/dphull_dataset/SingaporeTaxi/data2/SHB2525J.txt
21173
/mnt/disk_data_ssd/dingmengting/dphull_dataset/SingaporeTaxi/data2/SHA2951S.txt
18863
/mnt/disk_data_ssd/dingmengting/dphull_dataset/SingaporeTaxi/data2/SH9670P.txt
21638
/mnt/disk_data_ssd/dingmengting/dphull_dataset/SingaporeTaxi/data2/SH6602G.txt
17479
/mnt/disk_data_ssd/dingmengting/dphull_dataset/SingaporeTaxi/data2/SHB4069X.txt
28159
/mnt/disk_data_ssd/dingmengting/dphull_dataset/SingaporeTaxi/data2/SHA2165U.txt
14439
/mnt/disk_data_ssd/dingmengting/dphull_dataset/SingaporeTaxi/data2/SH8646S.txt
32153
/mnt/disk_data_ssd/dingmengting/dphull_dataset/SingaporeTaxi/data2/SHC1072A.txt
28757
/mnt/disk_data_ssd/dingmengting/dphull_dataset/SingaporeTaxi/data2/SHC2235R.txt
16017
/mnt/disk_data_ssd/dingmengting/dphull_dataset/SingaporeTaxi/data2/SHC8748M.txt
28771
/mnt/disk_data_ssd/dingmengting/dphull_dataset/SingaporeTaxi/data2/SHC3185U.txt
26358
/mnt/disk_data_ssd/dingmengting/dphull_dataset/SingaporeTaxi/data2/SHA4104H.txt
26719
/mnt/disk_data_ssd/dingmengting/dphull_dataset/SingaporeTaxi/data2/SHA9317C.txt
27784
/mnt/disk_data_ssd/dingmengting/dphull_dataset/SingaporeTaxi/data2/SHA4184B.txt
30433
/mnt/disk_data_ssd/dingmengting/dphull_dataset/SingaporeTaxi/data2/SHB6676E.txt
9321
/mnt/disk_data_ssd/dingmengting/dphull_dataset/SingaporeTaxi/data2/SH6781Y.txt
19130
/mnt/disk_data_ssd/dingmengting/dphull_dataset/SingaporeTaxi/data2/SHC2895K.txt
20524
/mnt/disk_data_ssd/dingmengting/dphull_dataset/SingaporeTaxi/data2/SHA3760U.txt
27865
/mnt/disk_data_ssd/dingmengting/dphull_dataset/SingaporeTaxi/data2/SHC0741J.txt
23394
/mnt/disk_data_ssd/dingmengting/dphull_dataset/SingaporeTaxi/data2/SHC8163A.txt
19951
/mnt/disk_data_ssd/dingmengting/dphull_dataset/SingaporeTaxi/data2/SHC8157T.txt
19744
/mnt/disk_data_ssd/dingmengting/dphull_dataset/SingaporeTaxi/data2/SH3096L.txt
23485
/mnt/disk_data_ssd/dingmengting/dphull_dataset/SingaporeTaxi/data2/SHB4110J.txt
35159
/mnt/disk_data_ssd/dingmengting/dphull_dataset/SingaporeTaxi/data2/SHB2418K.txt
31827
/mnt/disk_data_ssd/dingmengting/dphull_dataset/SingaporeTaxi/data2/SHC3996X.txt
22928
/mnt/disk_data_ssd/dingmengting/dphull_dataset/SingaporeTaxi/data2/SH9850L.txt
21400
/mnt/disk_data_ssd/dingmengting/dphull_dataset/SingaporeTaxi/data2/SHB3477H.txt
22706
/mnt/disk_data_ssd/dingmengting/dphull_dataset/SingaporeTaxi/data2/SH8615G.txt
31791
/mnt/disk_data_ssd/dingmengting/dphull_dataset/SingaporeTaxi/data2/SHA3232C.txt
32454
/mnt/disk_data_ssd/dingmengting/dphull_dataset/SingaporeTaxi/data2/SHC0714M.txt
23151
/mnt/disk_data_ssd/dingmengting/dphull_dataset/SingaporeTaxi/data2/SHA4349T.txt
24880
/mnt/disk_data_ssd/dingmengting/dphull_dataset/SingaporeTaxi/data2/SHA7846E.txt
24770
/mnt/disk_data_ssd/dingmengting/dphull_dataset/SingaporeTaxi/data2/SH8205G.txt
28018
/mnt/disk_data_ssd/dingmengting/dphull_dataset/SingaporeTaxi/data2/SHC1421B.txt
26685
/mnt/disk_data_ssd/dingmengting/dphull_dataset/SingaporeTaxi/data2/SHC3106Z.txt
30475
/mnt/disk_data_ssd/dingmengting/dphull_dataset/SingaporeTaxi/data2/SHA1406G.txt
13535
/mnt/disk_data_ssd/ding11111111111111111111
44444444444444444444
22222222222222222222222
333333333333333333333333
11111111111111111111
44444444444444444444
22222222222222222222222
333333333333333333333333
11111111111111111111
44444444444444444444
22222222222222222222222
333333333333333333333333
