40.010600 116.322961 1240339139.000000
40.011088 116.321958 1240339144.000000
40.010708 116.322189 1240339149.000000
40.010852 116.322042 1240339154.000000
40.011090 116.321948 1240339159.000000
40.011148 116.321922 1240339164.000000
40.011151 116.321749 1240339169.000000
40.011001 116.321702 1240339174.000000
40.010768 116.321831 1240339179.000000
40.010600 116.321939 1240339184.000000
40.010408 116.322080 1240339189.000000
40.010288 116.322236 1240339194.000000
40.010144 116.322373 1240339199.000000
40.009970 116.322483 1240339204.000000
40.009800 116.322531 1240339209.000000
40.009622 116.322642 1240339214.000000
40.009523 116.322820 1240339219.000000
40.009540 116.323085 1240339224.000000
40.009544 116.323365 1240339229.000000
40.009589 116.323591 1240339234.000000
40.009589 116.323849 1240339239.000000
40.009504 116.323971 1240339244.000000
40.009314 116.323991 1240339249.000000
40.009113 116.323997 1240339254.000000
40.008907 116.323996 1240339259.000000
40.008701 116.324032 1240339264.000000
40.008515 116.324048 1240339269.000000
40.008308 116.324074 1240339274.000000
40.008096 116.324118 1240339279.000000
40.007906 116.324141 1240339284.000000
40.007709 116.324187 1240339289.000000
40.007507 116.324201 1240339294.000000
40.007306 116.324221 1240339299.000000
40.007103 116.324228 1240339304.000000
40.006904 116.324199 1240339309.000000
40.006689 116.324138 1240339314.000000
40.006471 116.324120 1240339319.000000
40.006244 116.324150 1240339324.000000
40.006045 116.324190 1240339329.000000
40.005857 116.324242 1240339334.000000
40.005660 116.324247 1240339339.000000
40.005412 116.324248 1240339344.000000
40.005175 116.324296 1240339349.000000
40.004954 116.324283 1240339354.000000
40.004730 116.324285 1240339359.000000
40.004532 116.324296 1240339364.000000
40.004332 116.324318 1240339369.000000
40.004095 116.324323 1240339374.000000
40.003948 116.324333 1240339379.000000
40.003817 116.324359 1240339384.000000
40.003688 116.324374 1240339389.000000
40.003566 116.324393 1240339394.000000
40.003415 116.324391 1240339399.000000
40.003266 116.324399 1240339404.000000
40.003090 116.324413 1240339409.000000
40.002938 116.324439 1240339414.000000
40.002764 116.324434 1240339419.000000
40.002610 116.324421 1240339424.000000
40.002451 116.324456 1240339429.000000
40.002317 116.324421 1240339434.000000
40.002140 116.324468 1240339439.000000
40.001977 116.324499 1240339444.000000
40.001795 116.324514 1240339449.000000
40.001626 116.324534 1240339454.000000
40.001424 116.324546 1240339459.000000
40.001253 116.324548 1240339464.000000
40.001084 116.324501 1240339469.000000
40.000913 116.324525 1240339474.000000
40.000739 116.324550 1240339479.000000
40.000588 116.324576 1240339484.000000
40.000424 116.324581 1240339489.000000
40.000258 116.324571 1240339494.000000
40.000080 116.324640 1240339499.000000
39.999926 116.324711 1240339504.000000
39.999906 116.324797 1240339509.000000
39.999787 116.325032 1240339514.000000
39.999785 116.325229 1240339519.000000
39.999776 116.325441 1240339524.000000
39.999772 116.325713 1240339529.000000
39.999782 116.325978 1240339534.000000
39.999787 116.326230 1240339539.000000
39.999791 116.326484 1240339544.000000
39.999807 116.326728 1240339549.000000
39.999820 116.326974 1240339554.000000
39.999865 116.327158 1240339559.000000
39.999889 116.327270 1240339564.000000
39.999893 116.327381 1240339569.000000
39.999894 116.327384 1240339574.000000
39.999892 116.327378 1240339579.000000
39.999892 116.327378 1240339582.000000
39.999894 116.327382 1240339584.000000
39.999932 116.327396 1240339589.000000
39.999947 116.327423 1240339594.000000
39.999959 116.327435 1240339599.000000
39.999972 116.327424 1240339604.000000
39.999914 116.327354 1240340829.000000
39.999937 116.327377 1240340834.000000
39.999865 116.327402 1240340840.000000
39.999886 116.327400 1240340845.000000
39.999886 116.327400 1240340848.000000
0.000086