39.984702 116.318417 1224701584.000000
39.984688 116.318385 1224701600.000000
39.984538 116.315148 1224701680.000000
39.984501 116.313659 1224701720.000000
39.984649 116.314107 1224701730.000000
39.984641 116.312123 1224701780.000000
39.984696 116.309937 1224701840.000000
39.984540 116.309656 1224701855.000000
39.984484 116.308049 1224701905.000000
39.984438 116.306633 1224701955.000000
39.984368 116.303934 1224702025.000000
39.984303 116.302457 1224702070.000000
39.984276 116.300462 1224702120.000000
39.984283 116.299810 1224702140.000000
39.984140 116.299697 1224702160.000000
39.984258 116.299736 1224702170.000000
39.983790 116.299578 1224702180.000000
39.983509 116.299238 1224702220.000000
39.983279 116.299311 1224702250.000000
39.983403 116.299147 1224702270.000000
39.983675 116.299031 1224702280.000000
39.983533 116.298903 1224702290.000000
39.984045 116.298725 1224702310.000000
39.995777 116.286798 1224706087.000000
39.996832 116.285446 1224706092.000000
39.984397 116.299292 1224706122.000000
39.984488 116.299645 1224706157.000000
39.984527 116.299451 1224706187.000000
39.984498 116.299466 1224706222.000000
39.984638 116.299318 1224706232.000000
39.984795 116.299391 1224706252.000000
39.984743 116.299617 1224706262.000000
39.984733 116.299520 1224706277.000000
39.983841 116.299902 1224706282.000000
39.983842 116.300329 1224706292.000000
39.984246 116.300058 1224706307.000000
39.984789 116.300151 1224706327.000000
39.984859 116.300332 1224706337.000000
39.984953 116.302264 1224706392.000000
39.985028 116.303884 1224706432.000000
39.985031 116.304927 1224706467.000000
39.985169 116.305649 1224706487.000000
39.985154 116.307092 1224706527.000000
39.985260 116.307735 1224706547.000000
39.985221 116.309152 1224706582.000000
39.985202 116.309888 1224706602.000000
39.985282 116.309980 1224706607.000000
39.986305 116.309956 1224706647.000000
39.986611 116.309862 1224706657.000000
39.987211 116.310004 1224706682.000000
39.987884 116.310027 1224706707.000000
39.988293 116.309902 1224706722.000000
39.988901 116.309793 1224706747.000000
39.990325 116.310258 1224706807.000000
39.990650 116.310134 1224706822.000000
39.990743 116.310066 1224706882.000000
39.990873 116.310318 1224706897.000000
39.990969 116.311312 1224706927.000000
39.991148 116.315193 1224707027.000000
39.991188 116.315958 1224707052.000000
39.991179 116.318083 1224707102.000000
39.991206 116.319683 1224707142.000000
39.991389 116.321583 1224707192.000000
39.991401 116.322436 1224707222.000000
39.991591 116.322784 1224707232.000000
39.992883 116.322891 1224707277.000000
39.993077 116.322617 1224707287.000000
39.993429 116.322760 1224707297.000000
39.993796 116.322579 1224707312.000000
39.994055 116.322804 1224707317.000000
39.994276 116.322786 1224707327.000000
39.994946 116.322625 1224707347.000000
39.996392 116.322481 1224707397.000000
39.996725 116.322348 1224707417.000000
39.997081 116.322428 1224707427.000000
39.997592 116.322314 1224707437.000000
39.999364 116.322161 1224707497.000000
39.999607 116.322178 1224707507.000000
39.999568 116.323605 1224707552.000000
39.999581 116.323732 1224707562.000000
39.999678 116.324258 1224707572.000000
39.999646 116.324405 1224707577.000000
39.999703 116.324496 1224707642.000000
39.999506 116.324545 1224707652.000000
39.999573 116.324600 1224707667.000000
39.999729 116.324801 1224707687.000000
40.004775 116.320158 1224726145.000000
40.004879 116.321277 1224726180.000000
40.005088 116.321280 1224726190.000000
40.005738 116.321491 1224726210.000000
40.007235 116.321356 1224726260.000000
40.008782 116.321443 1224726310.000000
40.009026 116.321564 1224726335.000000
40.008921 116.321484 1224726560.000000
40.008481 116.322440 1224726585.000000
40.008496 116.322406 1224726590.000000
40.008880 116.321628 1224726595.000000
40.008958 116.321457 1224726620.000000
40.009030 116.321397 1224726640.000000
40.009072 116.321585 1224726675.000000
40.009087 116.321453 1224726690.000000
40.009105 116.321616 1224726710.000000
40.008995 116.321392 1224726745.000000
40.009268 116.321446 1224726755.000000
40.009278 116.321470 1224726771.000000
40.009008 116.321449 1224726796.000000
40.009038 116.321575 1224726856.000000
40.008995 116.321455 1224726876.000000
40.009101 116.321530 1224726896.000000
40.009356 116.322007 1224726931.000000
40.009394 116.322162 1224726956.000000
40.009287 116.322206 1224726981.000000
40.009316 116.321850 1224727349.000000
40.009428 116.320888 1224727419.000000
40.008854 116.321493 1224727424.000000
40.008874 116.321160 1224727434.000000
40.008591 116.320800 1224727479.000000
40.007959 116.320241 1224727559.000000
40.007834 116.320181 1224727594.000000
40.007575 116.319870 1224727619.000000
40.007468 116.319517 1224727634.000000
40.007551 116.319307 1224727689.000000
40.007669 116.319414 1224727726.000000
40.007699 116.319151 1224727756.000000
40.007272 116.319756 1224727766.000000
40.007428 116.319432 1224727781.000000
40.007575 116.319238 1224727806.000000
40.007288 116.319088 1224727834.000000
40.007482 116.318957 1224727856.000000
40.008215 116.318248 1224727901.000000
40.008015 116.318471 1224727911.000000
40.008197 116.318275 1224727931.000000
40.008276 116.318339 1224727946.000000
40.007884 116.318684 1224727966.000000
40.007717 116.318842 1224727981.000000
40.007852 116.318565 1224728006.000000
40.008019 116.318455 1224728016.000000
40.006977 116.319607 1224728061.000000
40.007350 116.319131 1224728071.000000
40.007966 116.318540 1224728091.000000
40.007399 116.319120 1224728106.000000
40.007619 116.319094 1224728131.000000
40.007905 116.318690 1224728166.000000
40.007878 116.318784 1224728291.000000
40.007616 116.318863 1224728296.000000
40.007981 116.318788 1224728316.000000
40.008055 116.318753 1224728331.000000
40.008306 116.318941 1224728341.000000
40.008300 116.318936 1224728351.000000
40.007645 116.319454 1224728356.000000
40.007694 116.319429 1224728376.000000
40.008421 116.319597 1224728416.000000
40.008669 116.319455 1224728476.000000
40.006747 116.318549 1224728795.000000
40.006719 116.318565 1224728840.000000
40.006745 116.318817 1224728850.000000
40.006849 116.319286 1224728880.000000
40.006789 116.319351 1224728890.000000
40.006893 116.319381 1224728910.000000
40.006975 116.319294 1224728915.000000
40.007457 116.319674 1224728928.000000
40.007646 116.320050 1224728965.000000
40.007802 116.320389 1224728985.000000
40.007999 116.320339 1224729010.000000
40.008236 116.320810 1224729040.000000
40.008507 116.320918 1224729065.000000
40.008879 116.321555 1224729115.000000
40.008835 116.322331 1224729175.000000
40.008765 116.323690 1224729876.000000
40.008650 116.323112 1224729881.000000
40.008889 116.322551 1224729891.000000
40.009107 116.322177 1224729911.000000
40.008849 116.321910 1224729926.000000
40.008945 116.321551 1224729971.000000
40.008851 116.321485 1224731302.000000
40.008607 116.321862 1224731362.000000
40.008652 116.322251 1224731367.000000
40.008928 116.321610 1224731432.000000
40.009172 116.321211 1224731452.000000
40.009269 116.320978 1224731467.000000
40.009328 116.320887 1224731472.000000
0.004012
